/home/ubuntu/YOLOv4/data_daejeon/JPEGImages/GH010022/GH010022.MP4#t=1022.jpg 1099,724,363,267,0 864,886,73,15,12 265,884,81,28,12 1315,832,72,25,12 714,866,45,13,12
/home/ubuntu/YOLOv4/data_daejeon/JPEGImages/GH010022/GH010022.MP4#t=1057.jpg 1035,794,163,136,0 820,815,188,169,0 55,788,586,263,0 685,822,133,103,0 1204,647,698,432,0 876,879,65,15,12 123,889,89,44,12 1707,851,113,46,12 714,866,45,13,12 1114,850,45,13,12
/home/ubuntu/YOLOv4/data_daejeon/JPEGImages/GH010022/GH010022.MP4#t=1058.jpg 1027,800,129,118,0 834,821,176,151,0 -1,745,568,310,0 676,828,145,113,0 1159,696,526,358,0 1517,863,87,39,12 886,884,55,16,12 712,879,45,13,12
/home/ubuntu/YOLOv4/data_daejeon/JPEGImages/GH010022/GH010022.MP4#t=312.jpg 905,794,325,166,0 1064,769,326,186,0 1289,723,324,244,0 1542,705,377,286,0 -1,486,129,547,2 122,805,138,174,0 302,813,101,85,0 520,829,89,72,0 611,829,121,60,0 710,826,122,60,0 798,815,105,72,0 238,809,54,85,0 1641,909,136,49,12 1320,902,78,30,12 1080,908,50,38,12 911,895,47,27,12
/home/ubuntu/YOLOv4/data_daejeon/JPEGImages/GH010022/GH010022.MP4#t=398.jpg 905,820,105,82,0 165,784,484,265,0 1086,818,62,39,0 1164,811,88,33,0 1282,802,35,22,0 211,972,85,31,12
/home/ubuntu/YOLOv4/data_daejeon/JPEGImages/GH010022/GH010022.MP4#t=406.jpg 721,769,309,285,0 1001,818,141,56,0 1335,787,118,47,0 634,830,119,43,0 825,887,87,32,12
/home/ubuntu/YOLOv4/data_daejeon/JPEGImages/GH010022/GH010022.MP4#t=421.jpg 773,810,181,166,0 438,813,271,163,0 -1,719,471,322,0 326,824,100,38,0 838,883,49,20,12 489,875,48,23,12
/home/ubuntu/YOLOv4/data_daejeon/JPEGImages/GH010022/GH010022.MP4#t=519.jpg 214,760,446,267,0 863,819,64,49,0 1011,819,30,27,0 981,819,30,27,0 280,858,84,32,12
/home/ubuntu/YOLOv4/data_daejeon/JPEGImages/GH010022/GH010022.MP4#t=597.jpg 868,740,148,193,2 721,830,126,95,0 296,793,378,238,0 1129,808,24,65,5 360,887,81,34,12 929,888,39,17,12
/home/ubuntu/YOLOv4/data_daejeon/JPEGImages/GH010022/GH010022.MP4#t=622.jpg 788,599,308,424,2 -1,742,534,304,0 899,938,91,24,12
/home/ubuntu/YOLOv4/data_daejeon/JPEGImages/GH010022/GH010022.MP4#t=640.jpg 754,811,95,74,0 504,810,228,157,0 871,714,148,212,2 848,814,31,40,0 543,908,69,19,12 927,878,43,16,12
/home/ubuntu/YOLOv4/data_daejeon/JPEGImages/GH010022/GH010022.MP4#t=662.jpg 1085,558,438,458,2 801,829,137,49,0 378,810,156,65,0 78,791,89,39,0 1606,720,136,87,1 1344,922,75,23,12
